1.953125000000000000e-03

-2.110595703125000000e-01

-5.761718750000000000e-02

-1.635742187500000000e-02

-5.761718750000000000e-02

2.009277343750000000e-01

-1.976318359375000000e-01

3.327636718750000000e-01

9.130859375000000000e-02

1.862792968750000000e-01

-1.014404296875000000e-01

3.342285156250000000e-01

1.489257812500000000e-02

2.590332031250000000e-01

4.052734375000000000e-02

-3.710937500000000000e-02

-3.173828125000000000e-01

-1.292724609375000000e-01

-1.834106445312500000e-02

-1.420898437500000000e-01

-1.968994140625000000e-01

-2.517700195312500000e-02

-1.461181640625000000e-01

7.177734375000000000e-02

2.868652343750000000e-01

