-3.710937500000000000e-02

-5.371093750000000000e-03

3.249511718750000000e-01

3.137207031250000000e-01

2.062988281250000000e-01

3.059082031250000000e-01

-3.002929687500000000e-01

2.062988281250000000e-01

3.220214843750000000e-01

-2.341308593750000000e-01

-3.361816406250000000e-01

1.142578125000000000e-01

-2.990722656250000000e-01

-8.593750000000000000e-02

-1.635742187500000000e-02

1.219940185546875000e-02

2.795410156250000000e-01

5.004882812500000000e-02

-3.315429687500000000e-01

1.049804687500000000e-01

-5.078125000000000000e-02

2.609863281250000000e-01

-2.692871093750000000e-01

-7.446289062500000000e-02

-2.746582031250000000e-01

